5.551928271757635702e-01
5.683803564247088547e-01
5.569551179660204854e-01
5.755102128536020434e-01
6.139657824129733932e-01
6.047617670292559922e-01
5.973592519879878937e-01
6.077254911970061402e-01
6.648514328623528202e-01
6.275676359704059903e-01
6.628823063778050972e-01
6.233076185754732323e-01
6.738701634011535768e-01
6.260545803337783655e-01
6.684592080679571113e-01
6.232103374878542601e-01
6.711421694553432182e-01
6.346399444467147877e-01
6.683581580992867810e-01
6.355200980674365896e-01
6.754582745814418088e-01
6.396849804799883410e-01
6.715706818051450089e-01
6.832392956606585521e-01
6.788895377027154288e-01
6.797685731610538795e-01
6.803918211018494810e-01
6.873926791727460461e-01
6.848541258268504572e-01
6.838502635913707994e-01
6.761384534334324847e-01
